1000 1805
980 104
104 86
86 486
486 996
996 342
342 411
411 974
974 441
441 473
473 980
818 157
250 294
884 399
911 732
159 548
102 949
764 929
471 987
840 133
380 8
184 463
332 869
696 601
359 142
546 320
829 105
786 586
13 546
468 85
273 335
17 400
721 347
74 64
255 771
411 991
312 506
343 758
736 71
433 711
877 271
199 14
852 939
829 268
58 124
89 59
290 509
859 82
765 720
356 268
426 583
380 653
443 450
852 258
657 648
342 799
902 740
818 890
980 173
208 741
398 301
387 301
163 387
659 20
686 296
228 996
636 450
994 466
513 981
328 244
398 965
783 322
388 641
833 176
993 773
479 177
146 256
981 894
405 863
978 312
726 645
48 985
185 252
991 782
932 369
885 933
69 6
436 171
805 994
767 648
13 346
744 268
133 800
556 307
475 847
476 249
916 754
297 950
737 124
54 950
992 894
411 884
930 331
103 741
358 696
359 371
2 709
552 207
825 896
977 618
429 136
471 237
861 181
697 603
738 397
858 856
593 0
63 174
396 516
351 136
470 809
939 456
127 751
135 578
886 572
234 84
962 164
756 16
508 172
859 70
89 635
820 625
118 354
674 312
271 371
692 787
598 660
171 378
328 332
84 131
406 971
78 347
784 904
112 791
817 792
537 498
191 346
265 812
619 643
443 978
964 640
767 298
521 112
66 247
160 189
248 212
267 443
463 584
631 163
567 124
539 52
626 199
947 117
515 794
664 53
888 810
161 219
178 427
635 783
957 911
248 923
577 772
178 417
351 530
878 573
519 894
508 805
784 266
361 545
282 862
575 214
586 912
776 344
499 539
566 959
853 74
475 697
276 187
79 549
956 79
643 164
218 630
606 343
38 757
226 980
507 58
869 604
839 980
510 731
868 526
368 263
964 930
271 658
86 776
332 433
576 864
407 90
359 187
992 377
928 789
143 129
406 567
252 288
377 807
616 6
324 219
17 918
897 158
642 91
240 668
790 903
158 852
107 119
779 761
232 139
982 840
208 228
768 802
520 144
935 635
488 768
370 55
230 968
937 765
3 253
705 510
114 346
286 659
908 680
220 775
412 136
775 309
956 883
715 343
463 849
69 948
983 143
577 665
662 666
521 262
81 821
264 990
686 16
818 899
640 999
623 230
786 71
734 135
0 223
173 900
348 941
170 214
257 361
148 495
164 565
381 879
582 734
478 294
766 918
925 383
230 684
442 752
162 159
496 244
724 606
162 768
924 778
618 997
335 994
661 63
487 6
126 274
894 281
663 880
414 313
667 852
59 99
120 139
876 203
570 608
712 662
125 563
230 979
824 549
355 633
698 628
546 269
13 895
405 490
513 544
0 360
223 936
159 593
670 62
726 336
943 473
396 55
390 253
938 290
785 559
699 829
655 456
288 382
441 448
848 279
756 625
993 688
690 494
257 772
25 198
616 127
96 945
11 845
725 570
531 545
427 474
719 407
986 645
388 412
288 676
512 533
623 40
845 270
199 299
556 324
980 956
17 154
713 60
322 51
265 700
270 142
391 685
329 429
237 935
892 884
800 555
496 44
4 912
756 275
160 916
651 28
668 61
443 487
402 389
283 185
930 956
424 564
743 576
821 723
849 108
404 773
168 20
312 391
432 265
668 142
669 833
205 923
399 864
398 547
160 981
458 170
880 132
309 169
765 603
158 284
844 470
93 69
990 827
646 393
521 982
572 389
215 31
908 334
318 593
123 635
994 253
228 111
745 675
818 244
932 677
450 550
928 98
141 707
213 587
56 996
926 748
22 339
79 40
905 723
780 420
853 903
152 357
634 989
774 147
632 425
301 851
361 906
298 615
816 682
186 751
618 724
699 424
386 98
914 816
999 374
804 222
469 235
607 215
997 294
394 540
184 281
322 361
132 764
192 477
749 505
700 651
495 653
74 577
954 944
290 82
542 541
864 294
588 318
783 713
351 817
194 865
535 7
121 747
755 492
828 199
94 381
504 372
672 105
818 504
45 735
496 976
30 381
209 837
888 967
246 789
561 263
635 975
250 206
455 45
427 190
130 856
432 228
821 445
922 383
469 60
879 920
367 321
942 305
248 204
620 724
656 298
634 153
842 718
960 240
625 810
96 439
929 926
649 374
831 637
477 904
392 932
327 609
386 125
39 610
941 400
49 191
372 421
133 717
251 997
926 568
602 381
803 140
286 331
151 761
652 487
48 815
439 450
351 219
549 196
371 521
771 541
55 439
670 190
981 979
759 665
642 69
47 332
453 95
388 182
658 375
604 57
826 646
926 214
780 521
473 890
317 334
253 967
743 447
787 309
665 91
869 827
635 695
269 44
930 779
186 622
205 165
553 424
387 235
409 938
953 203
491 782
324 358
251 762
53 114
705 254
476 727
827 439
789 992
290 614
151 560
580 745
860 981
510 872
932 311
127 888
332 583
150 105
887 120
549 165
613 98
832 212
292 622
484 441
971 713
4 788
944 868
986 778
51 832
939 665
894 706
128 187
489 400
260 248
879 666
958 585
946 307
761 273
92 614
101 444
390 157
206 239
618 894
962 1
461 509
934 82
110 551
144 760
332 521
745 192
15 864
322 800
901 149
106 792
41 419
833 850
125 613
203 526
254 676
759 684
447 674
916 926
382 871
554 279
182 829
268 100
788 91
261 320
408 276
27 217
428 128
978 740
623 237
851 678
696 896
763 896
537 994
556 300
192 249
335 679
749 59
899 994
789 449
27 203
806 551
521 667
238 41
544 161
7 79
271 633
27 83
443 505
796 412
811 250
742 675
107 16
451 389
127 922
343 295
349 742
537 481
971 751
463 911
715 886
720 107
104 619
711 820
383 315
951 710
510 19
422 112
14 149
496 651
863 914
585 423
597 302
80 649
690 565
764 211
71 745
39 266
525 388
215 747
266 631
818 96
54 660
730 251
230 559
292 307
389 974
877 332
516 356
527 922
664 656
305 571
614 803
530 799
573 54
73 646
768 326
505 862
20 211
472 0
224 124
40 870
227 917
123 107
740 146
128 700
107 795
807 21
954 226
990 613
873 427
569 596
443 394
166 898
361 287
381 810
558 762
335 913
497 957
118 400
280 825
871 240
860 198
292 350
39 16
791 291
577 837
809 352
141 609
372 769
788 100
196 710
603 574
275 147
283 995
254 427
261 914
262 718
709 590
868 34
312 912
815 517
858 36
637 180
195 855
662 879
391 440
898 763
878 892
116 814
42 862
678 587
311 489
406 320
310 757
827 152
757 514
514 889
559 934
10 665
536 192
96 744
449 225
419 881
27 160
464 987
79 884
559 182
547 23
786 609
963 318
322 381
20 74
149 755
600 283
366 42
94 566
954 894
655 703
693 157
484 411
178 351
714 762
630 945
212 689
118 858
169 211
479 363
401 125
108 907
997 168
153 104
675 38
890 582
164 727
343 262
630 657
423 182
62 529
104 891
312 422
352 974
412 723
642 592
334 12
256 362
82 529
584 766
971 165
336 214
749 280
510 852
228 10
297 173
482 123
69 30
689 155
733 131
718 314
554 309
499 306
981 138
37 57
270 997
919 32
853 337
46 648
293 31
307 241
329 89
783 24
795 182
489 354
417 914
64 825
677 429
190 186
89 721
444 738
553 449
49 525
999 658
740 713
77 895
650 334
863 722
915 273
446 886
204 125
572 728
843 670
704 251
342 866
425 299
407 526
940 26
851 587
795 841
151 535
88 454
779 866
758 905
433 655
731 749
28 353
865 464
144 793
1 872
463 489
491 136
851 923
779 997
684 823
777 710
984 457
387 946
882 710
758 378
51 703
41 753
465 980
643 166
778 368
139 718
918 508
36 571
654 517
290 833
434 356
894 244
837 822
852 51
330 465
404 678
948 463
101 382
112 34
791 418
385 600
164 816
812 216
436 927
887 712
612 427
882 901
781 466
797 15
294 637
507 75
608 819
26 14
950 350
432 520
880 97
374 726
868 366
180 11
718 985
328 889
266 519
220 630
337 892
523 219
603 380
713 121
996 455
530 652
728 918
185 454
901 680
412 532
924 919
225 72
53 800
543 680
833 727
619 463
152 169
798 773
164 616
31 415
384 980
561 822
338 143
403 870
900 58
177 318
383 515
40 627
212 40
783 587
915 556
917 180
709 260
530 136
672 812
790 682
970 658
113 259
736 731
522 275
576 136
24 740
205 720
886 121
180 700
701 973
224 174
372 479
101 655
529 442
817 184
2 299
953 16
85 519
262 438
699 582
963 507
685 944
628 89
121 189
423 347
817 869
306 218
958 918
455 349
135 277
459 422
170 511
901 597
801 797
57 583
825 137
976 911
966 442
862 345
545 69
125 571
67 110
912 778
707 681
542 381
588 389
806 234
780 535
247 254
750 744
585 310
444 735
629 755
188 620
561 115
857 837
597 290
180 574
858 398
208 201
64 518
162 831
75 725
858 97
387 289
136 582
885 662
56 130
9 60
102 762
946 522
76 805
780 945
420 536
388 89
259 979
675 33
838 104
688 231
478 273
151 736
293 113
413 166
611 775
850 375
296 957
564 40
725 904
62 736
445 81
23 654
71 586
721 685
62 786
692 607
588 594
737 327
416 35
564 176
371 333
597 807
318 636
383 724
743 928
597 488
520 556
301 58
347 60
674 623
776 768
551 999
751 115
838 908
802 407
472 90
179 867
322 90
385 334
540 349
214 210
625 410
141 689
70 17
441 606
68 51
168 881
967 58
198 728
339 443
907 267
467 421
29 379
656 107
611 282
788 642
573 149
684 95
898 39
697 539
449 36
376 264
460 9
200 706
171 272
386 695
487 253
369 539
312 8
415 570
632 360
236 42
924 722
989 624
534 44
856 451
341 59
530 388
245 518
849 431
294 798
540 579
715 999
208 312
716 333
761 437
76 592
365 393
725 265
452 654
927 225
957 69
287 330
213 777
599 153
662 482
28 240
466 677
180 356
707 799
878 80
196 403
872 989
497 127
429 109
634 423
189 813
619 990
66 497
306 54
317 962
29 941
180 737
670 179
780 563
544 545
257 797
298 158
194 811
742 920
206 128
248 171
969 144
668 85
706 348
706 492
778 219
588 870
968 998
249 712
987 982
908 812
148 606
933 249
941 467
434 534
55 928
312 53
79 420
839 807
155 988
522 209
468 693
841 954
573 82
267 539
206 958
384 669
865 447
586 704
101 610
828 166
158 391
121 202
576 355
991 255
691 474
245 553
236 73
956 554
753 568
166 581
739 167
663 202
93 657
10 495
717 983
981 36
531 888
162 476
538 449
584 559
322 42
414 115
435 549
962 693
120 829
916 128
999 352
155 730
812 139
986 773
801 751
120 28
813 782
135 197
548 808
344 107
322 449
224 428
670 292
714 297
40 430
662 433
589 366
2 926
415 750
428 654
407 335
197 518
774 674
698 826
734 471
552 441
466 126
186 70
15 51
286 542
256 972
444 48
726 940
151 433
474 298
316 190
364 453
763 387
592 959
473 901
429 734
57 720
482 456
964 274
747 50
3 865
782 39
632 720
438 537
314 720
360 922
549 472
452 981
623 684
805 359
504 920
214 143
782 401
788 837
955 707
829 742
477 340
416 908
720 658
508 425
882 170
742 590
182 319
267 834
160 401
848 824
900 436
91 199
799 922
314 634
46 362
650 655
82 368
192 191
387 16
953 564
797 200
625 972
668 732
357 173
933 717
857 793
898 171
889 147
464 718
333 651
624 323
869 434
898 44
834 335
441 855
193 185
815 111
724 225
1 295
66 40
954 399
469 427
764 943
624 961
469 737
906 995
809 242
457 74
16 565
494 51
343 25
638 443
560 250
885 794
623 672
937 677
969 315
87 509
516 724
390 194
895 426
705 993
936 670
849 169
824 854
633 867
733 442
630 608
866 227
316 912
208 246
883 704
809 274
639 972
217 492
632 786
434 611
707 177
750 906
313 879
499 819
764 275
566 733
51 299
569 479
138 729
533 726
76 720
406 165
849 76
445 180
262 970
829 210
56 618
226 892
658 878
29 987
840 837
187 315
253 388
427 498
545 407
44 385
231 760
351 656
606 709
744 99
671 563
958 999
26 610
917 328
728 923
902 260
582 544
249 403
596 294
466 56
143 354
823 918
463 416
515 87
614 852
89 78
865 29
700 746
626 478
876 280
765 830
94 896
753 917
6 607
713 249
9 34
363 585
96 25
554 906
681 484
77 576
613 666
242 747
99 240
29 799
887 297
767 778
624 42
353 593
465 168
0 361
299 936
463 138
271 387
988 759
355 536
16 328
664 652
407 327
893 344
974 283
431 648
464 156
565 462
994 535
350 277
479 921
753 103
548 591
189 947
738 74
270 704
577 428
402 874
831 821
756 268
846 698
782 506
155 33
911 804
373 764
790 720
121 937
76 444
955 506
735 940
10 181
194 32
694 832
278 590
282 313
35 755
345 556
152 355
430 605
115 932
160 45
265 502
264 494
738 801
232 299
346 553
693 236
575 391
998 969
816 435
759 251
620 864
384 543
866 640
775 818
348 231
660 553
141 540
612 220
579 488
232 93
799 530
207 251
576 163
804 768
586 43
477 893
922 88
214 180
276 943
613 842
684 732
459 523
97 723
702 62
637 182
790 792
660 475
426 705
258 713
567 667
336 623
638 846
145 164
959 450
895 415
549 559
353 650
638 848
736 203
527 788
264 571
205 409
841 29
88 485
157 823
695 708
424 307
531 817
708 848
597 640
907 303
319 543
492 874
910 708
280 322
950 418
770 186
513 442
979 83
250 871
667 199
772 435
283 287
119 437
474 323
796 283
773 160
835 202
55 890
633 729
264 584
69 858
579 258
289 108
252 865
922 402
746 569
125 810
879 456
608 258
171 635
151 952
885 925
47 578
677 454
793 548
847 553
303 216
97 576
725 811
309 472
98 545
133 672
927 75
981 59
956 688
225 367
218 741
604 916
270 441
814 983
671 26
632 904
990 651
477 168
877 75
200 388
792 123
267 388
785 394
238 409
162 385
655 296
666 753
336 525
974 919
885 887
791 828
955 332
351 633
693 6
3 697
866 269
409 41
229 329
79 380
787 716
20 731
850 824
623 522
335 746
104 462
387 8
246 566
494 669
615 674
848 407
557 521
46 526
212 925
542 850
58 47
973 95
573 21
205 782
958 746
885 612
922 43
153 453
554 41
718 222
907 201
551 457
410 721
733 748
31 328
429 161
754 899
684 115
52 917
375 977
944 420
652 841
340 594
920 307
242 704
783 870
374 781
322 961
313 886
653 775
294 241
276 618
308 763
423 683
362 484
909 915
61 995
193 666
166 253
612 421
29 344
968 802
778 481
915 165
290 285
932 157
603 597
231 810
599 216
350 242
530 330
45 21
325 261
278 537
813 543
760 900
51 801
170 877
971 762
703 853
127 897
283 869
452 181
131 180
54 852
830 447
700 487
900 683
146 635
336 614
161 409
655 581
103 816
453 90
613 225
512 208
928 545
986 185
37 804
692 335
610 472
878 654
684 106
377 970
508 539
602 348
661 621
996 256
845 726
489 158
239 941
180 501
604 870
503 951
62 359
923 800
534 71
112 768
347 330
98 745
302 832
224 177
323 917
91 863
618 4
251 425
122 180
374 408
860 553
891 922
673 277
12 897
63 747
813 472
602 0
859 534
92 374
401 64
952 862
77 419
74 104
27 391
819 66
537 165
23 48
908 73
310 39
767 653
93 806
941 19
966 147
912 204
195 609
345 768
785 161
768 764
544 273
804 592
26 411
74 140
752 887
377 779
300 274
54 359
711 84
864 71
938 828
652 184
301 137
322 986
695 262
632 737
836 45
272 972
300 632
621 527
176 90
578 734
542 461
479 668
340 463
655 923
382 645
26 831
107 126
597 366
252 338
622 773
984 299
980 887
893 920
282 931
308 507
711 122
468 281
681 999
733 644
791 108
865 195
713 268
474 923
221 607
558 904
139 806
799 123
756 828
724 772
24 710
788 908
929 603
958 774
665 764
703 740
548 901
627 907
815 609
66 433
747 160
687 307
305 459
981 456
103 25
19 599
99 119
752 402
311 769
948 761
891 872
521 747
197 612
306 822
599 510
474 367
996 369
377 285
998 212
546 392
257 596
897 636

