1000 1877
943 147
803 868
266 156
229 252
220 578
145 441
761 981
609 980
792 932
905 96
746 690
24 479
87 275
368 916
678 600
621 322
251 320
521 869
419 723
609 762
154 135
165 413
661 474
654 246
105 246
743 86
65 991
893 416
120 65
412 542
730 524
310 832
374 412
772 806
255 112
677 876
566 679
185 94
880 343
514 454
593 998
548 728
202 232
996 440
746 301
249 929
673 133
517 909
680 741
131 574
795 213
876 767
426 942
967 254
286 700
791 282
638 562
238 193
500 935
622 865
614 456
494 76
5 132
439 410
211 109
664 919
329 675
692 252
696 642
142 318
712 475
504 433
317 761
144 560
119 445
826 242
760 683
557 387
528 128
966 467
469 533
443 719
494 338
31 594
495 851
380 846
553 533
389 826
967 373
617 867
394 251
810 535
615 663
811 881
339 674
722 892
130 544
705 15
77 636
329 899
703 523
867 357
876 39
634 785
72 415
68 31
848 644
101 173
283 961
179 211
234 39
174 297
293 824
223 919
913 784
773 931
692 659
701 350
72 144
946 841
993 342
287 118
359 955
318 764
405 501
807 62
525 493
248 747
258 350
455 158
193 380
813 123
236 964
605 58
259 471
430 960
771 527
928 567
944 233
928 182
249 671
858 853
88 793
805 256
219 282
115 590
164 99
859 440
936 992
743 325
573 389
819 551
335 882
753 270
914 965
329 570
382 993
28 227
893 875
442 312
55 541
966 304
738 307
805 620
125 990
815 306
514 611
840 367
272 107
754 791
26 445
389 548
754 851
951 461
545 787
39 133
173 233
201 760
244 548
563 560
6 30
104 243
273 919
902 898
537 81
638 847
638 240
291 523
865 997
323 711
181 957
149 508
858 660
219 692
596 502
872 653
987 674
627 797
907 518
938 653
270 698
682 699
364 451
138 69
288 327
532 653
937 369
692 466
376 669
635 856
868 342
711 410
573 710
122 547
557 178
918 565
624 549
159 568
486 391
924 331
495 131
631 56
573 935
17 14
288 498
47 210
798 97
369 243
73 311
697 690
49 1
442 648
325 237
521 574
687 271
151 231
40 900
929 95
600 253
184 95
235 615
580 489
835 22
241 245
234 723
435 349
199 779
692 559
154 489
199 772
595 963
849 541
202 248
152 36
205 676
23 658
343 769
384 733
761 969
354 346
606 938
52 716
185 782
538 931
730 878
634 651
222 8
968 953
722 757
87 109
6 997
724 965
78 708
160 822
818 745
820 436
747 1
718 365
146 13
691 997
164 590
532 131
309 646
902 739
759 757
126 794
943 124
40 711
317 581
933 590
574 762
762 240
180 131
509 491
230 898
392 536
374 194
51 43
647 40
48 912
563 762
64 282
736 245
687 397
464 19
892 221
508 627
920 655
130 230
946 633
55 171
747 941
179 348
46 663
825 897
51 497
610 73
549 551
121 217
637 467
256 184
974 973
35 389
920 261
913 176
143 317
863 874
523 590
199 127
858 981
518 21
450 772
234 414
382 416
677 387
367 11
31 133
390 891
994 818
84 932
836 623
613 873
762 71
286 201
131 591
465 400
160 299
729 331
431 645
205 201
443 299
205 593
54 989
613 586
276 261
254 966
139 107
783 407
50 213
765 910
725 419
532 410
970 932
996 625
603 275
226 441
129 989
643 11
364 804
867 616
10 988
238 100
812 583
829 923
824 462
923 995
606 630
687 474
857 195
145 18
663 583
910 549
705 655
677 241
486 116
24 466
867 825
820 960
853 342
351 674
916 220
132 590
280 913
722 531
690 204
394 377
55 974
27 998
694 653
676 881
236 588
721 741
511 436
687 778
68 183
632 3
95 93
251 253
773 337
144 140
336 192
886 411
547 230
198 439
699 307
287 919
527 398
236 629
30 604
641 428
395 141
795 508
122 984
5 152
859 341
838 436
79 586
140 413
880 148
96 311
46 304
379 491
308 255
746 568
589 719
179 759
5 837
814 639
947 440
130 959
119 44
82 100
981 679
656 473
835 545
648 684
48 411
633 788
483 889
270 11
79 706
67 7
173 770
896 64
988 284
926 504
712 584
506 836
526 85
947 684
151 421
532 790
603 438
748 98
584 782
657 683
672 355
942 537
939 201
88 225
893 101
601 294
105 544
523 472
207 274
344 720
2 162
716 631
670 965
981 304
178 131
220 116
801 60
45 490
444 602
858 664
338 702
744 214
851 629
72 232
137 914
598 903
174 685
539 489
45 64
142 868
751 152
629 530
140 363
187 983
618 898
24 34
840 221
944 172
968 336
725 833
120 183
312 781
748 422
11 793
238 356
344 98
291 740
217 408
581 955
158 802
859 669
159 533
121 587
337 97
648 991
618 410
647 268
563 636
516 422
120 411
151 232
481 560
166 471
182 231
486 814
439 76
273 897
426 379
17 989
390 438
168 111
144 484
913 832
265 742
357 708
798 755
747 774
434 436
333 212
205 909
16 227
725 356
315 172
738 246
631 268
172 299
230 542
426 336
357 96
835 20
775 998
480 68
276 842
845 707
767 769
29 921
874 42
167 864
799 428
654 133
624 230
394 749
334 419
528 362
364 201
965 233
74 42
231 227
481 797
737 37
669 635
488 151
52 531
319 371
907 147
607 636
651 935
47 299
617 179
754 830
785 32
716 411
550 906
678 279
225 12
288 919
178 164
501 512
691 377
950 539
846 604
456 568
220 778
879 318
839 116
200 506
121 996
748 373
130 343
420 823
87 257
888 860
4 132
166 270
887 784
343 274
519 575
752 729
595 475
713 596
168 400
929 292
561 507
928 890
718 71
858 484
351 574
497 739
446 823
624 940
970 590
840 108
10 335
648 485
617 199
288 12
547 332
907 407
297 131
310 625
598 508
126 433
23 165
384 68
95 719
155 512
30 39
896 379
321 906
862 505
395 956
994 133
123 20
72 981
16 487
775 221
747 914
328 409
130 311
291 718
84 972
725 990
407 784
124 980
697 600
242 997
939 51
199 194
642 587
587 980
827 866
721 242
77 616
799 518
858 463
815 510
896 56
407 79
167 604
117 590
918 772
353 338
468 258
287 739
984 491
383 675
62 821
340 250
225 513
570 27
286 546
84 58
516 776
469 193
293 844
525 861
454 282
64 980
9 76
966 268
519 992
187 855
258 855
615 20
229 921
476 181
943 460
845 936
827 681
660 596
443 352
288 199
140 825
48 52
228 61
974 318
838 222
699 698
415 105
770 579
194 853
687 700
238 577
411 13
89 179
644 401
287 666
202 746
385 484
186 804
879 423
250 960
516 233
700 467
553 645
426 86
742 568
563 323
189 782
393 273
92 708
302 515
427 952
23 852
807 663
662 346
959 660
120 118
650 507
832 243
206 885
156 741
607 527
184 770
753 585
969 467
280 546
11 980
730 949
199 471
764 645
417 152
765 543
476 952
892 354
848 581
119 216
238 279
299 623
411 108
118 351
332 944
638 519
834 47
819 974
912 986
725 469
766 565
46 732
753 139
450 830
17 992
132 352
867 452
673 949
82 0
326 503
164 704
420 367
488 755
276 449
114 534
686 855
864 675
193 741
168 116
985 972
377 218
223 50
324 932
91 26
354 954
29 467
929 800
358 627
457 428
571 631
795 216
581 183
697 778
753 36
55 199
688 352
535 579
985 669
677 504
328 570
310 58
155 109
516 745
462 776
121 300
672 685
271 417
10 740
368 996
265 592
314 226
247 776
247 825
175 5
817 594
55 272
427 220
987 380
95 831
237 889
198 600
98 158
608 616
638 991
139 821
915 307
280 209
682 387
534 858
254 518
374 26
865 978
10 459
666 83
876 986
816 608
810 94
340 527
634 233
636 20
213 295
741 895
694 399
294 990
478 973
388 172
514 764
729 271
123 473
30 895
663 274
443 521
409 32
354 582
464 201
542 383
58 646
271 830
721 827
895 227
346 231
126 503
465 411
867 965
499 547
329 864
859 486
958 256
610 447
673 433
883 387
589 106
198 443
985 676
752 79
907 357
492 439
231 164
513 674
664 443
892 29
538 900
621 949
817 507
394 332
678 590
938 477
288 767
717 351
570 762
396 132
143 500
790 862
256 107
322 994
238 960
335 710
185 206
558 536
147 94
522 402
982 132
212 69
179 99
811 464
4 245
133 428
88 347
570 659
144 310
353 555
288 78
339 433
442 600
412 784
801 821
922 975
101 630
968 869
606 778
654 786
337 981
630 836
843 822
629 727
542 814
77 612
994 699
319 43
492 682
339 204
923 871
290 724
939 181
395 290
676 726
180 964
610 985
623 639
918 132
443 684
820 721
350 841
783 443
294 948
333 347
318 869
703 899
494 216
313 559
695 945
773 987
598 728
114 945
820 618
983 347
808 924
356 956
98 782
314 920
357 240
523 656
118 931
654 136
534 417
783 679
248 881
656 170
261 505
507 627
601 170
721 109
746 695
943 65
18 135
18 282
949 109
249 435
169 828
326 184
316 445
894 824
901 653
731 245
104 7
411 440
744 390
802 555
892 491
318 372
844 833
593 270
902 951
349 440
826 491
483 418
550 739
293 778
817 105
898 854
731 183
368 540
411 194
605 400
328 928
815 50
67 171
202 242
50 485
456 453
644 676
58 432
346 68
751 898
84 938
457 647
376 954
808 59
621 31
889 551
761 866
258 159
598 939
907 683
694 989
202 228
799 590
319 988
462 283
122 159
334 921
734 719
798 839
863 383
563 643
49 645
53 881
325 698
321 99
95 398
741 639
197 262
790 308
64 956
780 501
248 627
697 762
288 792
147 527
907 428
108 391
966 788
64 453
722 373
146 300
128 908
463 539
971 698
805 452
599 976
953 447
239 529
50 482
850 103
223 598
78 238
104 899
232 724
31 433
587 433
379 123
119 869
632 562
226 600
807 668
1 549
271 485
993 25
77 413
750 570
728 261
693 137
16 369
346 791
23 547
903 471
791 723
17 119
641 979
436 714
703 544
653 299
825 216
705 115
613 109
580 390
554 531
813 363
865 377
725 719
448 36
406 74
707 627
684 948
303 600
384 227
375 794
768 282
580 462
525 749
321 489
476 173
509 833
17 392
408 762
545 350
444 694
843 531
716 300
766 750
848 199
842 913
340 976
792 516
937 773
4 524
67 81
286 987
632 925
281 273
695 90
397 952
364 275
558 504
176 473
606 966
340 744
679 885
463 152
904 211
996 990
122 156
731 86
470 253
807 180
422 158
813 882
271 1
995 526
457 326
926 462
254 850
45 307
484 724
6 25
610 566
63 530
668 572
229 699
448 977
640 392
132 977
879 665
816 956
403 212
765 227
640 920
631 425
458 211
870 694
890 407
637 341
929 816
317 357
353 40
416 135
56 881
159 965
451 674
840 124
857 47
154 556
406 579
427 262
705 716
228 472
611 245
931 583
573 301
117 763
452 210
370 210
481 245
175 93
883 995
215 960
569 262
842 255
4 644
718 123
436 361
91 877
37 196
200 462
546 841
963 227
801 782
130 281
600 872
459 445
552 458
427 388
302 696
155 43
893 34
287 462
346 226
326 555
61 428
356 740
374 874
444 563
807 848
834 60
457 886
971 987
444 718
890 734
910 399
640 616
50 55
987 70
328 129
773 99
389 496
603 315
226 108
595 237
464 497
276 756
53 689
306 931
87 697
543 804
346 393
237 438
874 889
37 510
10 920
180 373
747 472
507 69
451 854
792 243
753 974
476 97
709 349
722 842
291 106
887 594
746 847
595 298
368 415
112 726
46 994
389 570
378 441
334 235
43 207
137 336
939 628
113 947
624 969
994 745
508 471
799 626
483 47
689 411
599 914
765 752
171 294
305 889
89 471
400 473
207 940
756 225
34 990
80 660
87 612
483 173
201 549
328 108
809 44
632 328
507 497
298 109
0 259
791 472
977 294
717 762
691 490
178 32
339 242
710 623
752 320
110 413
168 793
842 320
156 816
688 994
450 513
148 356
296 305
266 265
324 838
283 555
584 452
348 29
894 407
89 854
77 453
338 73
31 568
802 409
179 207
6 85
628 278
566 473
958 127
68 283
144 485
177 980
222 379
332 947
460 71
595 443
87 437
447 471
991 698
535 868
189 233
596 299
498 704
796 232
899 392
355 452
523 390
947 997
61 777
228 261
478 955
287 429
552 179
705 608
312 630
426 708
329 900
494 73
645 493
397 869
539 380
341 872
703 679
716 196
46 185
712 924
317 184
770 472
437 947
49 410
303 968
923 600
865 518
584 698
738 195
561 113
451 891
459 609
89 430
811 437
488 638
79 123
842 375
820 643
982 469
215 719
901 327
952 71
214 536
293 790
125 728
167 996
48 619
104 167
736 860
818 289
848 86
907 200
876 545
294 578
833 165
843 801
288 63
725 591
63 145
569 735
623 433
605 509
552 211
87 138
800 596
926 473
632 857
93 706
863 12
913 377
805 40
850 192
389 398
971 909
865 17
500 850
366 378
652 425
146 937
48 19
791 590
34 596
746 327
444 626
368 90
625 802
313 962
336 947
656 183
827 383
7 636
110 539
41 208
46 519
953 539
542 134
665 225
221 841
12 361
460 536
517 754
199 67
123 881
893 858
334 806
517 41
806 330
811 321
840 501
894 47
762 898
820 855
601 812
101 684
450 946
879 345
771 260
157 912
920 503
43 233
5 783
862 482
939 587
347 356
631 361
130 346
396 642
571 906
202 608
859 301
237 741
522 182
587 830
120 98
766 569
605 374
539 864
6 492
425 586
168 745
586 841
689 642
692 578
635 639
931 700
596 22
110 79
771 684
901 429
678 60
343 241
250 712
686 678
202 797
894 936
150 940
174 773
660 629
353 240
754 927
458 68
716 477
301 203
629 871
9 826
907 499
871 972
593 587
605 494
306 348
717 276
142 674
730 9
540 412
483 816
129 331
705 599
618 568
375 360
209 15
705 728
198 601
843 195
67 313
799 815
0 720
613 998
835 928
717 848
848 985
827 441
696 793
344 885
156 714
599 439
540 38
150 286
136 32
339 416
169 40
805 872
31 608
160 631
352 105
224 486
761 27
618 381
395 724
147 367
910 380
497 855
899 60
132 79
529 615
500 522
717 724
0 836
194 659
142 211
880 944
621 906
803 960
697 369
910 201
517 195
179 307
18 719
291 838
928 481
605 682
524 477
850 984
890 261
904 136
630 822
711 466
54 246
744 541
700 504
988 550
239 210
692 181
151 997
366 444
676 868
427 292
788 627
446 741
883 420
91 178
525 728
647 513
886 961
406 158
718 327
986 490
666 168
346 200
709 612
632 427
522 408
348 898
624 555
182 262
982 972
458 584
792 594
920 13
801 307
478 742
198 379
574 183
796 789
598 64
474 518
188 714
166 231
293 95
770 816
426 984
131 575
160 860
979 629
44 267
149 392
505 533
771 749
945 836
754 258
368 493
693 955
959 9
88 832
826 591
394 295
827 555
884 158
573 695
682 232
139 93
933 670
465 642
249 442
418 59
72 986
312 768
367 473
33 207
388 386
146 269
415 651
368 700
86 724
348 554
261 781
223 385
838 42
160 232
745 350
661 970
104 892
936 732
997 471
457 138
406 152
508 741
641 678
120 831
600 871
439 679
14 56
691 501
833 188
996 112
14 278
276 723
732 772
541 978
524 381
180 147
348 241
866 106
557 109
318 392
789 285
738 806
638 173
584 51
910 603
890 941
979 257
527 981
790 466
982 835
55 564
163 608
609 627
953 804
776 779
633 552
404 565
237 938
674 760
801 294
605 870
263 445
234 116
886 58
63 636
306 579
736 636
648 564
853 872
149 772
371 954
535 984
121 320
19 822
601 787
12 318
2 586
46 819
907 689
60 629
647 818
35 550
358 798
483 769
120 991
92 629
163 679
312 547
605 546
592 141
535 528
56 345
247 570
46 338
427 97
743 415
525 327
50 858
114 237
374 184
865 321
228 443
286 960
444 128
933 491
247 620
66 257
595 134
339 111
426 992
573 489
326 649
450 464
374 777
383 467
650 275
907 109
480 814
276 650
77 386
810 380
278 365
867 565
112 232
72 81
95 227
237 432
876 187
293 704
468 502
182 636
142 905
687 0
437 627
549 797
852 372
661 548
320 698
803 818
986 841
285 361
884 493
838 969
912 619
825 681
368 586
500 943
348 493
499 673
314 32
803 693
920 739
682 107
53 760
312 507
72 874
545 768
354 147
302 323
40 911
288 6
288 395
855 85
758 955
369 432
2 207
682 99
282 372
922 855
175 913
755 531
224 163
968 156
811 230
808 163
145 418
522 128
322 106
478 244
68 757
351 793
278 977
209 106
193 585
30 477
234 451
127 299
468 663
516 136
618 596
941 399
751 111
426 58
629 439
230 715
130 829
647 999
896 568
541 670
860 365
899 261
379 363
879 417
158 260
545 192
6 423
113 489
504 898
765 479
215 828
412 643
849 107
248 207
157 556

